alpha=0.010000
beta=0.010000
ntopics=20
ndocs=36162
nwords=29448
liter=100
