alpha=0.900000
beta=0.060000
ntopics=20
ndocs=36162
nwords=29448
liter=100
